darah B+ Redo

ANTI A, ANTI B, ANTI RH
959, 967, 970
959, 967, 970
959, 968, 970
958, 968, 970
958, 968, 969
959, 968, 970
959, 967, 970
959, 968, 970
959, 968, 970
959, 967, 970
-------------
958, 967, 969


darah O+ Farras

ANTI A, ANTI B, ANTI RH
984, 936, 912
967, 934, 926
963, 915, 895
955, 921, 893
975, 934, 913
975, 934, 913
975, 934, 913
967, 931, 903
975, 934, 913
1006, 942, 910
-------------
974, 931, 909


Start
darah A+ Bg Gilang
ANTI A, ANTI B, ANTI RH
980, 938, 988
979, 939, 988
979, 938, 988
980, 938, 987
979, 938, 988
979, 938, 988
980, 938, 988
979, 938, 987
979, 938, 987
979, 938, 988
-------------
979, 938, 987

ANTI A, ANTI B, ANTI RH
967, 919, 927
987, 937, 947
975, 927, 927
980, 928, 944
1011, 943, 935
985, 936, 948
986, 935, 946
995, 927, 936
999, 927, 927
976, 945, 967
-------------
986, 932, 940



Start
DARAH O+ Siti
ANTI A, ANTI B, ANTI RH
980, 940, 954
981, 940, 954
981, 940, 954
981, 941, 954
981, 941, 954
981, 940, 955
981, 941, 954
981, 941, 955
980, 941, 954
981, 941, 955
-------------
980, 940, 954


Start
Darah B+ Hanif
ANTI A, ANTI B, ANTI RH
977, 951, 851
978, 932, 849
962, 932, 844
978, 932, 845
960, 932, 855
958, 937, 844
962, 931, 864
971, 932, 845
964, 932, 849
979, 939, 846
-------------
968, 935, 849


Start
Darah o+ Rafi
ANTI A, ANTI B, ANTI RH
942, 981, 938
946, 980, 935
949, 962, 949
946, 981, 938
951, 960, 941
951, 959, 938
960, 954, 960
965, 960, 943
965, 954, 951
946, 981, 938
-------------
952, 967, 943


Start
Darah O+ Syukron
ANTI A, ANTI B, ANTI RH
966, 964, 914
947, 950, 895
966, 953, 900
946, 953, 898
951, 958, 905
962, 951, 908
968, 951, 898
969, 950, 898
966, 952, 900
945, 951, 899
-------------
958, 953, 901


Start
Darah O+ Ihsan
ANTI A, ANTI B, ANTI RH
912, 864, 933
902, 864, 928
908, 869, 941
906, 862, 926
929, 879, 927
907, 862, 926
907, 862, 926
933, 879, 927
907, 862, 926
912, 864, 941
-------------
912, 866, 930


Start
darah O+ Firstia
ANTI A, ANTI B, ANTI RH
950, 936, 937
952, 935, 936
967, 919, 935
959, 940, 936
973, 925, 955
969, 923, 935
959, 920, 936
952, 931, 936
959, 919, 937
969, 920, 936
-------------
960, 926, 937


Start
darah A+ Telvi
ANTI A, ANTI B, ANTI RH
949, 901, 972
960, 904, 979
964, 905, 971
955, 904, 972
960, 914, 977
949, 902, 985
953, 903, 972
949, 903, 972
957, 906, 972
953, 904, 987
-------------
954, 904, 975


Start
Darah A+ Lindo
ANTI A, ANTI B, ANTI RH
986, 964, 972
975, 958, 983
987, 964, 978
979, 957, 966
980, 962, 978
984, 975, 969
972, 963, 975
972, 957, 969
972, 958, 983
976, 959, 968
-------------
978, 961, 974


Start
Darah A+ Melin
ANTI A, ANTI B, ANTI RH
950, 942, 962
950, 939, 959
957, 955, 963
948, 940, 968
960, 940, 962
955, 945, 963
967, 942, 964
963, 942, 962
948, 953, 977
965, 947, 971
-------------
956, 944, 965


Start
Darah AB+ Tomi
ANTI A, ANTI B, ANTI RH
998, 984, 991
978, 982, 993
978, 964, 976
976, 964, 976
986, 975, 991
983, 960, 976
975, 985, 995
998, 983, 973
998, 975, 987
975, 975, 980
-------------
984, 974, 983


Start
B+ Lukman
ANTI A, ANTI B, ANTI RH
935, 968, 912
935, 968, 912
935, 968, 912
935, 968, 912
935, 968, 912
935, 968, 912
935, 968, 912
935, 967, 912
934, 968, 912
935, 968, 912
-------------
934, 967, 912

Start
A+ Hafis
ANTI A, ANTI B, ANTI RH
976, 959, 983
975, 958, 982
975, 958, 983
975, 958, 982
976, 958, 982
975, 958, 983
975, 958, 983
975, 958, 982
975, 958, 982
975, 958, 983
-------------
975, 958, 982

Start
B+ Fadil
ANTI A, ANTI B, ANTI RH
978, 973, 973
978, 973, 973
977, 973, 973
978, 973, 973
978, 973, 973
977, 973, 973
977, 973, 972
977, 973, 973
977, 973, 972
977, 973, 972
-------------
977, 973, 972
